%YAML:1.0
#####################IP配置######################
MIDDLE_LAYER_IP: "192.168.6.200"
MIDDLE_LAYER_PORT: 20001
MIDDLE_LAYER_HEART_BEAT: 20
#机器人IP
JAKA_ROBOT_IP: "192.168.6.1"
JAKA_ROBOT_PORT: 10001
#AGV IP
AGV_IP: "192.168.6.5"
AGV_PORT: 9090
#PLC IP
PLC_IP: "192.168.6.4"
PLC_PORT: 502
###############################################


#####################机器人配置###################
#机器人观察后调整角速度
adjust_joint_speed: 20
#机器人路点移动角速度
fixed_joint_speed: 40
#机器人移动线速度
fixed_linear_speed: 60
#目标坐标系下相机的最终位置
pick_place_offset_x: 0
pick_place_offset_y: -30
pick_place_offset_z: -140
pick_place_roll: 0
pick_place_pitch: 0
pick_place_yaw: 180
#最大调整次数
max_count_adjust: 3
#每个档案柜的总位置数
cab1_all_position_num: 32
cab2_all_position_num: 32
cab3_all_position_num: 32
cab4_all_position_num: 32
cab5_all_position_num: 32
cab6_all_position_num: 32
cab7_all_position_num: 32
cab8_all_position_num: 32
cab9_all_position_num: 32
cab10_all_position_num: 32
cab21_all_position_num: 33
cab23_all_position_num: 33
#底盘移动时，机械臂收缩位姿
contraction_point_1: [106.225, 50.170, 101.451, 118.378, -90.000, 16.225]
contraction_point_2: [106.225, 50.170, 101.451, 118.378, -90.000, -73.775]
#中间过渡路点
transition_point: [94.620, 35.747, 141.260, 92.992, -90.000, 4.620]
#机器视觉观察点位
watch_cab0_1: [107.502, 44.590, 140.883, 84.527, -90.000, 17.502] #窗口观察点位
watch_cab1_1: [111.146, 80.378, 124.799, 64.823, -90.000, 21.146] #1号柜１号码对应的观察点位
watch_cab1_2: [111.146, 80.378, 124.799, 64.823, -90.000, 21.146] #1号柜2号码对应的观察点位
watch_cab1_3: [111.146, 80.378, 124.799, 64.823, -90.000, 21.146] #1号柜3号码对应的观察点位
watch_cab1_4: [111.146, 80.378, 124.799, 64.823, -90.000, 21.146] #1号柜4号码对应的观察点位
watch_cab1_5: [111.146, 80.378, 124.799, 64.823, -90.000, 21.146] #1号柜5号码对应的观察点位
watch_cab1_6: [111.146, 80.378, 124.799, 64.823, -90.000, 21.146] #1号柜6号码对应的观察点位
watch_cab21_1: [111.146, 80.378, 124.799, 64.823, -90.000, 21.146] #1号柜１号码对应的观察点位
watch_cab21_2: [111.146, 80.378, 124.799, 64.823, -90.000, 21.146] #1号柜2号码对应的观察点位
watch_cab21_3: [111.146, 80.378, 124.799, 64.823, -90.000, 21.146] #1号柜3号码对应的观察点位
watch_cab21_4: [111.146, 80.378, 124.799, 64.823, -90.000, 21.146] #1号柜4号码对应的观察点位
watch_cab21_5: [111.146, 80.378, 124.799, 64.823, -90.000, 21.146] #1号柜5号码对应的观察点位
watch_cab21_6: [111.146, 80.378, 124.799, 64.823, -90.000, 21.146] #1号柜6号码对应的观察点位
watch_cab23_1: [111.146, 80.378, 124.799, 64.823, -90.000, 21.146] #1号柜１号码对应的观察点位
watch_cab23_2: [111.146, 80.378, 124.799, 64.823, -90.000, 21.146] #1号柜2号码对应的观察点位
watch_cab23_3: [111.146, 80.378, 124.799, 64.823, -90.000, 21.146] #1号柜3号码对应的观察点位
watch_cab23_4: [111.146, 80.378, 124.799, 64.823, -90.000, 21.146] #1号柜4号码对应的观察点位
watch_cab23_5: [111.146, 80.378, 124.799, 64.823, -90.000, 21.146] #1号柜5号码对应的观察点位
watch_cab23_6: [111.146, 80.378, 124.799, 64.823, -90.000, 21.146] #1号柜6号码对应的观察点位
#暂存架点位
storage_transition_point: [145.175, 32.002, 61.604, 176.394, -90.000, -34.825] #暂存过渡位置
storage_point_1: [168.555, 25.204, 81.089, 163.707, -90.000, -11.445] #暂存架1号位
storage_point_2: [145.885, 26.579, 84.327, 159.094, -90.000, -34.115] #暂存架2号位
storage_point_3: [124.666, 26.997, 85.118, 157.886, -90.000, -55.334] #暂存架3号位
storage_point_4: [111.379, 25.986, 83.070, 160.944, -90.000, -68.621] #暂存架4号位
storage_point_5: [104.611, 24.508, 78.851, 166.641, -90.000, -75.389] #暂存架5号位
#手眼矩阵
eye_hand: [0.999494, -0.00336818, 0.0316204, 7.46148,
           0.0316857, 0.0215301, -0.999266, -422.232,
           0.00268492, 0.999763, 0.0216259, 155.731,
           0, 0, 0, 1]
###############################################


#####################相机配置#####＃##############
#相机内参矩阵
intrinsics: [2625.985809929793, 0, 1656.468054375531,
             0, 2628.363358079141, 1233.510930966644,
             0, 0, 1]

distortion: [0.1295699722666628, -0.1464229959449032, -0.0007011686808918902, 0.001773724954362861, -0.2130108633227775]

#图片相关参数
cap_source: 0 #图像信号源
image_width: 3264           #宽度
image_height: 2448          #高度
image_brightness: 0.1       #亮度
image_contrast: 0.8         #对比度
image_saturation: 0.5       #饱和度
image_hue: 0.5              #色调
image_fps: 10               #帧率
coding_time_wait: 2.4          #aruco观察时间
qr_time_wait: 0.5             #qr观察时间

#摄像头固定焦距设置命令
#sunway: 466

#识别码边长
robot_marker_length: 21
###############################################


#####################AGV配置#####＃##############
#地图名称
map_name: "archive_room"

#地图上跑到对应点位所需动作
map_position_cab0_3: [0.095, -0.310, 1, 0]   #停止充电对应路点及动作
map_position_cab0_2: [0.095, -0.310, 1, 0]   #充电对应路点及动作
map_position_cab0_1: [4.302, -10.854, 1, 0]   #窗口对应路点及动作
map_position_cab0_0: [0.095, -0.310, 1, 0]   #休息区对应路点及动作

map_position_cab1_1: [7.894,-1.450,-1,0]   #柜子1的1号码对应图中的应该跑的路点及动作
map_position_cab1_2: [7.637,-1.450,-1,0]   #柜子1的2号码对应图中的应该跑的路点及动作
map_position_cab1_3: [7.401,-1.450,-1,0]   #柜子1的3号码对应图中的应该跑的路点及动作
map_position_cab1_4: [7.083,-1.450,-1,0]   #柜子1的4号码对应图中的应该跑的路点及动作
map_position_cab1_5: [6.842,-1.450,-1,0]   #柜子1的5号码对应图中的应该跑的路点及动作
map_position_cab1_6: [6.644,-1.450,-1,0]   #柜子1的6号码对应图中的应该跑的路点及动作

map_position_cab2_1: [1.744, -0.016, 0, 1]   #柜子2的1号码对应图中的应该跑的路点及动作
map_position_cab2_2: ["cab2_1", "cab2_1_action"]   #柜子2的2号码对应图中的应该跑的路点及动作
map_position_cab2_3: ["cab2_1", "cab2_1_action"]   #柜子2的3号码对应图中的应该跑的路点及动作
map_position_cab2_4: ["cab2_2", "cab2_2_action"]   #柜子2的4号码对应图中的应该跑的路点及动作
map_position_cab2_5: ["cab2_2", "cab2_2_action"]   #柜子2的5号码对应图中的应该跑的路点及动作
map_position_cab2_6: ["cab2_2", "cab2_2_action"]   #柜子2的6号码对应图中的应该跑的路点及动作

map_position_cab3_1: ["cab3_1", "cab3_1_action"]   #柜子3的1号码对应图中的应该跑的路点及动作
map_position_cab3_2: ["cab3_1", "cab3_1_action"]   #柜子3的2号码对应图中的应该跑的路点及动作
map_position_cab3_3: ["cab3_1", "cab3_1_action"]   #柜子3的3号码对应图中的应该跑的路点及动作
map_position_cab3_4: ["cab3_2", "cab3_2_action"]   #柜子3的4号码对应图中的应该跑的路点及动作
map_position_cab3_5: ["cab3_2", "cab3_2_action"]   #柜子3的5号码对应图中的应该跑的路点及动作
map_position_cab3_6: ["cab3_2", "cab3_2_action"]   #柜子3的6号码对应图中的应该跑的路点及动作

map_position_cab4_1: [1.744, -0.016, 0, 1]   #柜子4的1号码对应图中的应该跑的路点及动作
map_position_cab4_2: [1.744, -0.016, 0, 1]   #柜子4的2号码对应图中的应该跑的路点及动作
map_position_cab4_3: [1.744, -0.016, 0, 1]   #柜子4的3号码对应图中的应该跑的路点及动作
map_position_cab4_4: [1.744, -0.016, 0, 1]   #柜子4的4号码对应图中的应该跑的路点及动作
map_position_cab4_5: [1.744, -0.016, 0, 1]   #柜子4的5号码对应图中的应该跑的路点及动作
map_position_cab4_6: [1.744, -0.016, 0, 1]   #柜子4的6号码对应图中的应该跑的路点及动作

map_position_cab5_1: ["cab_mid", "cab5_1_action"]   #柜子5的1号码对应图中的应该跑的路点及动作
map_position_cab5_2: ["cab_mid", "cab5_1_action"]   #柜子5的2号码对应图中的应该跑的路点及动作
map_position_cab5_3: ["cab5_2", "cab5_2_action"]   #柜子5的3号码对应图中的应该跑的路点及动作
map_position_cab5_4: ["cab5_2", "cab5_2_action"]   #柜子5的4号码对应图中的应该跑的路点及动作

map_position_cab6_1: ["cab6_1", "cab6_1_action"]   #柜子6的1号码对应图中的应该跑的路点及动作
map_position_cab6_2: ["cab6_1", "cab6_1_action"]   #柜子6的2号码对应图中的应该跑的路点及动作
map_position_cab6_3: ["cab6_2", "cab6_2_action"]   #柜子6的3号码对应图中的应该跑的路点及动作
map_position_cab6_4: ["cab6_2", "cab6_2_action"]   #柜子6的4号码对应图中的应该跑的路点及动作

map_position_cab7_1: ["cab6_2", "cab7_1_action"]   #柜子7的1号码对应图中的应该跑的路点及动作
map_position_cab7_2: ["cab6_2", "cab7_1_action"]   #柜子7的2号码对应图中的应该跑的路点及动作
map_position_cab7_3: ["cab6_2", "cab7_1_action"]   #柜子7的3号码对应图中的应该跑的路点及动作
map_position_cab7_4: ["cab_mid", "cab7_2_action"]   #柜子7的1号码对应图中的应该跑的路点及动作
map_position_cab7_5: ["cab_mid", "cab7_2_action"]   #柜子7的2号码对应图中的应该跑的路点及动作
map_position_cab7_6: ["cab_mid", "cab7_2_action"]   #柜子7的3号码对应图中的应该跑的路点及动作

map_position_cab8_1: ["cab8_1", "cab8_1_action"]   #柜子8的1号码对应图中的应该跑的路点及动作
map_position_cab8_2: ["cab8_1", "cab8_1_action"]   #柜子8的2号码对应图中的应该跑的路点及动作
map_position_cab8_3: ["cab8_1", "cab8_1_action"]   #柜子8的3号码对应图中的应该跑的路点及动作
map_position_cab8_4: ["cab8_2", "cab8_2_action"]   #柜子8的1号码对应图中的应该跑的路点及动作
map_position_cab8_5: ["cab8_2", "cab8_2_action"]   #柜子8的2号码对应图中的应该跑的路点及动作
map_position_cab8_6: ["cab8_2", "cab8_2_action"]   #柜子8的3号码对应图中的应该跑的路点及动作

map_position_cab9_1: ["cab9_1", "cab9_1_action"]   #柜子9的1号码对应图中的应该跑的路点及动作
map_position_cab9_2: ["cab9_1", "cab9_1_action"]   #柜子9的2号码对应图中的应该跑的路点及动作
map_position_cab9_3: ["cab9_1", "cab9_1_action"]   #柜子9的3号码对应图中的应该跑的路点及动作
