%YAML:1.0
#####################IP配置######################
MIDDLE_LAYER_IP: "192.168.101.4"
MIDDLE_LAYER_PORT: 20001
MIDDLE_LAYER_HEART_BEAT: 20
#机器人IP
JAKA_ROBOT_IP: "192.168.6.5"
JAKA_ROBOT_PORT: 10001
#AGV IP
AGV_IP: "192.168.6.6"
AGV_PORT: 9090
#PLC IP
PLC_IP: "192.168.6.4"
PLC_PORT: 502
###############################################


#####################机器人配置###################
#机器人观察后调整角速度
adjust_joint_speed: 20
#机器人路点移动角速度
fixed_joint_speed: 40
#机器人移动线速度
fixed_linear_speed: 60
#目标坐标系下相机的最终位置
pick_place_offset_x: 0
pick_place_offset_y: -30
pick_place_offset_z: -140
pick_place_roll: 0
pick_place_pitch: 0
pick_place_yaw: 180
#最大调整次数
max_count_adjust: 3
#手眼矩阵
eye_hand: [0.999494, -0.00336818, 0.0316204, 7.46148,
           0.0316857, 0.0215301, -0.999266, -422.232,
           0.00268492, 0.999763, 0.0216259, 155.731,
           0, 0, 0, 1]
###############################################


#####################相机配置#####＃##############
#相机内参矩阵
intrinsics: [2625.985809929793, 0, 1656.468054375531,
             0, 2628.363358079141, 1233.510930966644,
             0, 0, 1]

distortion: [0.1295699722666628, -0.1464229959449032, -0.0007011686808918902, 0.001773724954362861, -0.2130108633227775]

#图片相关参数
cap_source: 0 #图像信号源
image_width: 3264           #宽度
image_height: 2448          #高度
image_brightness: 0.1       #亮度
image_contrast: 0.8         #对比度
image_saturation: 0.5       #饱和度
image_hue: 0.5              #色调
image_fps: 10               #帧率
coding_time_wait: 2.4          #aruco观察时间
qr_time_wait: 0.5             #qr观察时间

#摄像头固定焦距设置命令
#sunway: 466

#识别码边长
robot_marker_length: 21
###############################################

