%YAML:1.0

#每个档案柜的总位置数
cab1_all_position_num: 32
cab2_all_position_num: 32
cab3_all_position_num: 32
cab4_all_position_num: 32
cab5_all_position_num: 32
cab6_all_position_num: 32
cab7_all_position_num: 32
cab8_all_position_num: 32
cab9_all_position_num: 32
cab10_all_position_num: 32

#底盘移动时，机械臂收缩位姿
contraction_point_1: [113.525, 42.389, 100.712, 126.899, -90.000, 23.525]
contraction_point_2: [154.585, 81.707, 106.062, 82.231, -90.000, -25.415]
#中间过渡路点
transition_point: [88.051, 75.531, 19.034, 175.435, -90.000, -1.949]
#机器视觉观察点位
watch_cab0_1: [107.502, 44.590, 140.883, 84.527, -90.000, 17.502] #窗口观察点位

watch_cab1_1: [-13, 69, 122, 77, -90, 76] #1号柜１号码对应的观察点位
watch_cab1_2: [-13, 69, 122, 77, -90, 76] #1号柜2号码对应的观察点位
watch_cab1_3: [-13, 69, 122, 77, -90, 76] #1号柜3号码对应的观察点位
watch_cab1_4: [-13, 69, 122, 77, -90, 76] #1号柜4号码对应的观察点位
watch_cab1_5: [-13, 69, 122, 77, -90, 76] #1号柜5号码对应的观察点位
watch_cab1_6: [-13, 69, 122, 77, -90, 76] #1号柜6号码对应的观察点位

#暂存架点位
storage_transition_point: [145.000, 32.382, 60.727, 176.891, -90.000, -35.000] #暂存过渡位置
storage_point_1: [168.555, 25.204, 81.089, 163.707, -90.000, -11.445] #暂存架1号位
storage_point_2: [145.885, 26.579, 84.327, 159.094, -90.000, -34.115] #暂存架2号位
storage_point_3: [124.666, 26.997, 85.118, 157.886, -90.000, -55.334] #暂存架3号位
storage_point_4: [111.379, 25.986, 83.070, 160.944, -90.000, -68.621] #暂存架4号位
storage_point_5: [104.611, 24.508, 78.851, 166.641, -90.000, -75.389] #暂存架5号位



#地图名称
map_name: "0426"

#地图上跑到对应点位所需动作
map_position_cab0_3: ["cab0_0", "charge"]   #停止充电对应路点及动作
map_position_cab0_2: ["cab0_0", "charge"]   #充电对应路点及动作
map_position_cab0_1: ["cab0_1", "cab0_1_action"]   #窗口对应路点及动作
map_position_cab0_0: ["cab0_0", "cab0_1_action"]   #休息区对应路点及动作

map_position_cab1_1: ["cab1_1", "move"]   #柜子1的1号码对应图中的应该跑的路点及动作
map_position_cab1_2: ["cab1_1", "cab1_1_action"]   #柜子1的2号码对应图中的应该跑的路点及动作
map_position_cab1_3: ["cab1_1", "cab1_1_action"]   #柜子1的3号码对应图中的应该跑的路点及动作
map_position_cab1_4: ["cab1_1", "cab1_1_action"]   #柜子1的4号码对应图中的应该跑的路点及动作
map_position_cab1_5: ["cab1_1", "cab1_1_action"]   #柜子1的5号码对应图中的应该跑的路点及动作
map_position_cab1_6: ["cab1_1", "cab1_1_action"]   #柜子1的6号码对应图中的应该跑的路点及动作

map_position_cab2_1: ["cab2_1", "cab2_1_action"]   #柜子2的1号码对应图中的应该跑的路点及动作
map_position_cab2_2: ["cab2_1", "cab2_1_action"]   #柜子2的2号码对应图中的应该跑的路点及动作
map_position_cab2_3: ["cab2_1", "cab2_1_action"]   #柜子2的3号码对应图中的应该跑的路点及动作
map_position_cab2_4: ["cab2_2", "cab2_2_action"]   #柜子2的4号码对应图中的应该跑的路点及动作
map_position_cab2_5: ["cab2_2", "cab2_2_action"]   #柜子2的5号码对应图中的应该跑的路点及动作
map_position_cab2_6: ["cab2_2", "cab2_2_action"]   #柜子2的6号码对应图中的应该跑的路点及动作

map_position_cab3_1: ["cab3_1", "cab3_1_action"]   #柜子3的1号码对应图中的应该跑的路点及动作
map_position_cab3_2: ["cab3_1", "cab3_1_action"]   #柜子3的2号码对应图中的应该跑的路点及动作
map_position_cab3_3: ["cab3_1", "cab3_1_action"]   #柜子3的3号码对应图中的应该跑的路点及动作
map_position_cab3_4: ["cab3_2", "cab3_2_action"]   #柜子3的4号码对应图中的应该跑的路点及动作
map_position_cab3_5: ["cab3_2", "cab3_2_action"]   #柜子3的5号码对应图中的应该跑的路点及动作
map_position_cab3_6: ["cab3_2", "cab3_2_action"]   #柜子3的6号码对应图中的应该跑的路点及动作

map_position_cab5_1: ["cab_mid", "cab5_1_action"]   #柜子5的1号码对应图中的应该跑的路点及动作
map_position_cab5_2: ["cab_mid", "cab5_1_action"]   #柜子5的2号码对应图中的应该跑的路点及动作
map_position_cab5_3: ["cab5_2", "cab5_2_action"]   #柜子5的3号码对应图中的应该跑的路点及动作
map_position_cab5_4: ["cab5_2", "cab5_2_action"]   #柜子5的4号码对应图中的应该跑的路点及动作

map_position_cab6_1: ["cab6_1", "cab6_1_action"]   #柜子6的1号码对应图中的应该跑的路点及动作
map_position_cab6_2: ["cab6_1", "cab6_1_action"]   #柜子6的2号码对应图中的应该跑的路点及动作
map_position_cab6_3: ["cab6_2", "cab6_2_action"]   #柜子6的3号码对应图中的应该跑的路点及动作
map_position_cab6_4: ["cab6_2", "cab6_2_action"]   #柜子6的4号码对应图中的应该跑的路点及动作

map_position_cab7_1: ["cab6_2", "cab7_1_action"]   #柜子7的1号码对应图中的应该跑的路点及动作
map_position_cab7_2: ["cab6_2", "cab7_1_action"]   #柜子7的2号码对应图中的应该跑的路点及动作
map_position_cab7_3: ["cab6_2", "cab7_1_action"]   #柜子7的3号码对应图中的应该跑的路点及动作
map_position_cab7_4: ["cab_mid", "cab7_2_action"]   #柜子7的1号码对应图中的应该跑的路点及动作
map_position_cab7_5: ["cab_mid", "cab7_2_action"]   #柜子7的2号码对应图中的应该跑的路点及动作
map_position_cab7_6: ["cab_mid", "cab7_2_action"]   #柜子7的3号码对应图中的应该跑的路点及动作

map_position_cab8_1: ["cab8_1", "cab8_1_action"]   #柜子8的1号码对应图中的应该跑的路点及动作
map_position_cab8_2: ["cab8_1", "cab8_1_action"]   #柜子8的2号码对应图中的应该跑的路点及动作
map_position_cab8_3: ["cab8_1", "cab8_1_action"]   #柜子8的3号码对应图中的应该跑的路点及动作
map_position_cab8_4: ["cab8_2", "cab8_2_action"]   #柜子8的1号码对应图中的应该跑的路点及动作
map_position_cab8_5: ["cab8_2", "cab8_2_action"]   #柜子8的2号码对应图中的应该跑的路点及动作
map_position_cab8_6: ["cab8_2", "cab8_2_action"]   #柜子8的3号码对应图中的应该跑的路点及动作

map_position_cab9_1: ["cab9_1", "cab9_1_action"]   #柜子9的1号码对应图中的应该跑的路点及动作
map_position_cab9_2: ["cab9_1", "cab9_1_action"]   #柜子9的2号码对应图中的应该跑的路点及动作
map_position_cab9_3: ["cab9_1", "cab9_1_action"]   #柜子9的3号码对应图中的应该跑的路点及动作
map_position_cab9_4: ["cab9_2", "cab9_2_action"]   #柜子9的4号码对应图中的应该跑的路点及动作
map_position_cab9_5: ["cab9_2", "cab9_2_action"]   #柜子9的5号码对应图中的应该跑的路点及动作
map_position_cab9_6: ["cab9_2", "cab9_2_action"]   #柜子9的6号码对应图中的应该跑的路点及动作

map_position_cab10_1: ["cab10_1", "cab10_1_action"]   #柜子10的1号码对应图中的应该跑的路点及动作
map_position_cab10_2: ["cab10_1", "cab10_1_action"]   #柜子10的2号码对应图中的应该跑的路点及动作
map_position_cab10_3: ["cab10_1", "cab10_1_action"]   #柜子10的3号码对应图中的应该跑的路点及动作
map_position_cab10_4: ["cab10_2", "cab10_2_action"]   #柜子10的4号码对应图中的应该跑的路点及动作
map_position_cab10_5: ["cab10_2", "cab10_2_action"]   #柜子10的5号码对应图中的应该跑的路点及动作
map_position_cab10_6: ["cab10_2", "cab10_2_action"]   #柜子10的6号码对应图中的应该跑的路点及动作
###############################################
